[13.          2.          0.7         1.57079633]
[13.          2.27269663  0.7         1.57079633]
[13.          2.54539327  0.7         1.57079633]
[13.          2.8180899   0.7         1.57079633]
[13.          3.09078653  0.7         1.57079633]
[13.          3.36348317  0.7         1.57079633]
[13.          3.6361798   0.7         1.57079633]
[13.          3.90887643  0.7         1.57079633]
[13.          4.18157307  0.7         1.57079633]
[13.          4.4542697   0.7         1.57079633]
[13.          4.72696634  0.7         1.57079633]
[13.          4.99966297  0.7         1.57079633]
[13.          5.2723596   0.7         1.57079633]
[13.          5.54505624  0.7         1.57079633]
[13.          5.81775287  0.7         1.57079633]
[13.          6.0904495   0.7         1.57079632]
[13.          6.36314614  0.7         1.57079633]
[13.00000001  6.63584277  0.7         1.57079631]
[12.99999998  6.9085394   0.7         1.57079631]
[13.00000007  7.18123604  0.7         1.5707967 ]
[12.99999979  7.45393267  0.5         1.57079346]
[13.00000048  7.7266293   0.5         1.57081338]
[12.99999994  7.99932594  0.5         1.57070567]
[12.99999149  8.27202268  0.5         1.57122034]
[13.00006967  8.54471832  0.5         1.56906619]
[12.99959325  8.81742102  0.5         1.57716091]
[13.00203062  9.09008659  0.5         1.54977912]
[12.99084229  9.36292583  0.5         1.62993125]
[13.06205786  9.62906411  0.5         0.92930872]
[13.30685919  9.75140741  0.5        -0.0582923 ]
[13.55875608  9.79212508  0.5         0.80326614]
[13.74696165  9.99883013  0.5         0.38056519]
[14.01760742 10.0041146   0.5         0.28394586]
[14.2125362  10.19485865  0.5         0.98044081]
[14.38772002 10.40968741  0.5         0.74952816]
[14.61686967 10.57989492  0.5         0.62862212]
[14.75258353 10.79848817  0.5         1.60872673]
[14.7885921  11.05591601  0.5         0.78396835]
[14.99714986 11.24232758  0.5         1.18098312]
[15.004322   11.51205613  0.5         1.17555335]
[15.21087603 11.69919416  0.5         0.76783044]
[15.2560413  11.95318636  0.5         1.71235118]
[15.24926976 12.22868729  0.5         1.53319524]
[15.2499914  12.50108507  0.5         1.5786661 ]
[15.25004297 12.77376033  0.5         1.56931361]
[15.24998136 13.04648264  0.5         1.57104083]
[15.25000518 13.31916846  0.5         1.57077875]
[15.25000306 13.59187077  0.5         1.57074905]
[15.24997887 13.86455555  0.5         1.57093151]
[15.25008908 14.1372983   0.5         1.57054711]
[15.24965948 14.40981688  0.5         1.57049776]
[15.25118341 14.68314477  0.5         1.57759208]
[15.24643552 14.95387475  0.5         1.5214015 ]
[15.25781874 15.23128647  0.5         1.89782427]
[15.05596116 15.42037096  0.5         2.40989991]
[15.00653432 15.67259433  0.5         1.49336504]
[14.86017697 15.88466776  0.5         2.53876623]
[14.74806587 16.11092645  0.5         1.43862148]
[14.66366471 16.34866298  0.5         2.51199954]
[14.49226343 16.55036288  0.5         1.58151355]
[14.46392048 16.81131948  0.5         2.30480462]
[14.25213467 16.99629156  0.5         2.10716186]
[14.25407412 17.26979154  0.5         1.36968779]
[14.22740366 17.53144091  0.5         2.29337727]
[14.01516111 17.7162238   0.5         2.12352142]
[14.00428069 17.98441361  0.5         1.77640319]
[13.80607727 18.1750117   0.5         2.43403046]
[13.75609462 18.42700484  0.5         1.4962609 ]
[13.60688398 18.63789641  0.5         2.53685448]
[13.49759589 18.86532443  0.5         1.44100895]
[13.41492592 19.10377804  0.5         2.48815236]
[13.23426014 19.30164046  0.5         1.71366063]
[13.25319865 19.58218168  0.5         1.65062815]
[13.         19.75        0.5         3.08674163]
