[13.00050629108145, 2.509327616614502, 0.23314102684520013, 1.5433518827462809, 1687773437.9001298]
[13.000679525914888, 2.5249724152258857, 0.3911439424130442, 1.5597238717547792, 1687773437.9398692]
[13.000795073161699, 2.5447776670914073, 0.4951397230978034, 1.5649620992484192, 1687773437.9796977]
[13.000861744635573, 2.567334079428395, 0.5639127717351551, 1.5678404828775798, 1687773438.0188925]
[13.000890646445743, 2.591715143573954, 0.6095270318987472, 1.5696109045023214, 1687773438.0595899]
[13.000893881743828, 2.61730640906196, 0.639781642312808, 1.5706698862580264, 1687773438.099639]
[13.000879458977058, 2.6436994185519684, 0.6598253357688154, 1.571342802851474, 1687773438.1394022]
[13.0008523600143, 2.670623011106309, 0.673090154801877, 1.571802709303172, 1687773438.179495]
[13.000815949472306, 2.697897270414956, 0.6818570903069056, 1.5721312861805445, 1687773438.2197142]
[13.000772626080332, 2.7254028292679298, 0.6876398242951665, 1.5723713546897822, 1687773438.2634552]
[13.000724425698596, 2.7530605714275964, 0.6914446040028245, 1.572538930643283, 1687773438.3064787]
[13.000673026391834, 2.7808182674069912, 0.6939435891938788, 1.5726480910140768, 1687773438.3505046]
[13.000619405328104, 2.808641489944641, 0.6955818551750699, 1.5727235337574292, 1687773438.395257]
[13.000563846161619, 2.836507487188721, 0.6966513157724897, 1.572790125908546, 1687773438.4384723]
[13.00050620309473, 2.864401162555921, 0.6973433731912075, 1.5728628714161803, 1687773438.4831128]
[13.000446150176547, 2.89231245292183, 0.6977838742418073, 1.572947839594068, 1687773438.526736]
[13.000383328440403, 2.9202346175639646, 0.6980558828243139, 1.5730462103739213, 1687773438.5712423]
[13.00031741220904, 2.9481631198000513, 0.6982145005747918, 1.5731565508478498, 1687773438.6151564]
[13.000248131126462, 2.976094893486045, 0.6982964901789447, 1.5732767537759307, 1687773438.6592176]
[13.000175271921353, 3.0040278594325227, 0.6983265241950067, 1.573404795903688, 1687773438.7035968]
[13.000098672401396, 3.031960604741407, 0.6983212584376265, 1.5735385702175841, 1687773438.7036502]
[13.000018213319247, 3.059892168989047, 0.6982920032944345, 1.5736768961530438, 1687773438.747212]
[12.999933810490125, 3.087821900926767, 0.6982464867215928, 1.5738183413175943, 1687773438.7793248]
[12.99984545622112, 3.115749362024826, 0.6981900215290956, 1.5739601234073093, 1687773438.823254]
[12.999756939658845, 3.1436771259410636, 0.6981976047934471, 1.5739658553714408, 1687773438.867106]
[12.999670809840454, 3.171606929508355, 0.6982484092593327, 1.5738801286548796, 1687773438.911163]
[12.999588795380781, 3.1995399660460015, 0.6983289234778131, 1.5737325301778124, 1687773438.9551816]
[12.999512081444847, 3.227477077684039, 0.6984304241047143, 1.5735422791367735, 1687773438.9984834]
[12.999441492467485, 3.255418881342858, 0.6985473205659134, 1.5733225253236829, 1687773439.0424504]
[12.99937761262208, 3.283365851154032, 0.6986760704456182, 1.5730821194659974, 1687773439.0872164]
[12.999320865168245, 3.3113183722899175, 0.698814468459642, 1.5728264565582237, 1687773439.1310844]
[12.999271564627396, 3.339276776023272, 0.6989611800113609, 1.5725597511043827, 1687773439.174503]
[12.999229950976645, 3.3672413624438295, 0.6991154345710462, 1.5722844478492843, 1687773439.2190876]
[12.999196211980257, 3.395212415093948, 0.6992768249572054, 1.5720026539198597, 1687773439.2625537]
[12.999170497612546, 3.4231902102366045, 0.6994451739920241, 1.5717154652957215, 1687773439.2626147]
[12.999152929240681, 3.45117502258898, 0.6996204466733013, 1.571424146240438, 1687773439.3071654]
[12.99914360531833, 3.479167128710022, 0.6998026918474979, 1.5711294554881474, 1687773439.3396006]
[12.999142604749085, 3.5071668088222245, 0.699992003252004, 1.5708320673230418, 1687773439.3832502]
[12.999149986707039, 3.5351668078491296, 0.6999999999999998, 1.5705326561076274, 1687773439.4264886]
[12.999165813295754, 3.563166803376256, 0.7, 1.5702309689981826, 1687773439.4712462]
[12.999190121716023, 3.591166792824481, 0.7, 1.5699281860123466, 1687773439.5152104]
[12.99922292602545, 3.6191667736079975, 0.7, 1.569624644322755, 1687773439.559202]
[12.999264218982292, 3.6471667431596186, 0.6999999999999998, 1.5693215241409266, 1687773439.6032758]
[12.999313972887458, 3.6751666989551004, 0.6999999999999998, 1.5690194154996742, 1687773439.6471386]
[12.999372139816549, 3.7031666385373274, 0.7000000000000001, 1.5687189925863323, 1687773439.6912649]
[12.999438651504573, 3.7311665595407044, 0.7, 1.568420929887255, 1687773439.7351563]
[12.999513419058044, 3.7591664597157575, 0.6999999999999998, 1.5681259859445542, 1687773439.779371]
[12.999596332603078, 3.787166336953775, 0.7, 1.5678350883363852, 1687773439.8234172]
[12.999687260961634, 3.815166189311129, 0.7, 1.5675488265157804, 1687773439.8234687]
[12.999786444643993, 3.84316601364267, 0.7, 1.5672540508843387, 1687773439.8670435]
[12.999893972357077, 3.8711658071738895, 0.7, 1.5669559038148155, 1687773439.8994727]
[13.000009798866685, 3.8991655676053587, 0.7000000000000001, 1.5666596105500281, 1687773439.943325]
[13.000133789658806, 3.9271652930733607, 0.7000000000000001, 1.5663680380512017, 1687773439.9871798]
[13.000265752769272, 3.9551649821026604, 0.7, 1.5660833776323366, 1687773440.0311084]
[13.000405457875784, 3.9831646335734057, 0.7, 1.5658068934887586, 1687773440.0751503]
[13.000552649771901, 4.0111642466876205, 0.7, 1.565539428521984, 1687773440.119095]
[13.000707057302693, 4.039163820939999, 0.7, 1.5652818260981833, 1687773440.1632357]
[13.000868399255477, 4.0671633560928235, 0.7, 1.5650339176612604, 1687773440.2071722]
[13.00103638820098, 4.095162852154614, 0.7, 1.5647967982928424, 1687773440.251164]
[13.001210732952778, 4.1231623093619865, 0.7, 1.5645698786635551, 1687773440.2952042]
[13.001391140095016, 4.151161728164223, 0.7, 1.5643532428187448, 1687773440.338499]
[13.001577314898054, 4.179161109209931, 0.7, 1.5641472279256583, 1687773440.3834665]
[13.001768960357628, 4.207160453345424, 0.7, 1.5639517493962658, 1687773440.3835323]
[13.001965863125847, 4.235159761002934, 0.7, 1.5637640264147725, 1687773440.4270463]
[13.002167787462648, 4.263159032896364, 0.7, 1.5635847327608994, 1687773440.4594345]
[13.002374479852303, 4.291158269997686, 0.7, 1.5634142895833165, 1687773440.5032406]
[13.00258567250698, 4.319157473516047, 0.7000000000000001, 1.5632537090084335, 1687773440.547332]
[13.002801086088548, 4.347156644878587, 0.6999999999999998, 1.563102906432316, 1687773440.591007]
[13.00302043186904, 4.375155785712344, 0.6999999999999998, 1.5629625568532448, 1687773440.6351564]
[13.003243413484258, 4.403154897826825, 0.7, 1.562832574326386, 1687773440.6785135]
[13.00346972838528, 4.431153983196986, 0.7, 1.5627136351862474, 1687773440.723042]
[13.003699069080488, 4.459153043946332, 0.7, 1.5626054855553873, 1687773440.7672195]
[13.00393112422026, 4.487152082330035, 0.7, 1.5625085465425852, 1687773440.8108923]
[13.004165579568607, 4.5151511007180005, 0.7, 1.5624228195427856, 1687773440.855082]
[13.004394054095677, 4.543150168548743, 0.7, 1.5626363374788086, 1687773440.8993773]
[13.004610895366014, 4.571149328890858, 0.7, 1.5630519927684952, 1687773440.943649]
[13.004812263493752, 4.599148604790015, 0.7, 1.5636044573577792, 1687773440.9437015]
[13.004995523617454, 4.6271480050644325, 0.6999999999999998, 1.5642514154776084, 1687773440.9871075]
[13.005158825116501, 4.655147528857176, 0.6999999999999998, 1.5649642063359424, 1687773441.0196085]
[13.005300847878091, 4.683147168667988, 0.7, 1.5657240324111898, 1687773441.0632088]
[13.00542063775183, 4.711146912423711, 0.7, 1.566517997098389, 1687773441.1070611]
[13.00551748769351, 4.7391467449247955, 0.7000000000000001, 1.5673373332247096, 1687773441.151131]
[13.005590859511674, 4.767146648792064, 0.7, 1.568175803587724, 1687773441.1951535]
[13.005640327015788, 4.7951466050949945, 0.7000000000000001, 1.5690296993262836, 1687773441.239122]
[13.005665550153841, 4.823146593734158, 0.7, 1.5698953957307047, 1687773441.283062]
[13.00566625342931, 4.851146593725326, 0.6999999999999998, 1.570771207274873, 1687773441.327089]
[13.005642212577845, 4.879146583404564, 0.7000000000000001, 1.5716550266845803, 1687773441.3710153]
[13.005593246796034, 4.907146540589393, 0.7, 1.5725451683745832, 1687773441.4151819]
[13.005519214714193, 4.935146442718701, 0.7, 1.5734401992243512, 1687773441.4591932]
[13.005420012898139, 4.963146266986001, 0.7, 1.5743393611982155, 1687773441.5036037]
[13.005295576060874, 4.991145990475235, 0.7, 1.5752403782338824, 1687773441.503667]
[13.00514587842947, 5.01914559030486, 0.7, 1.5761427451065706, 1687773441.547237]
[13.004970935850794, 5.047145043783351, 0.7, 1.577044269976903, 1687773441.579524]
[13.004770808377828, 5.075144328577691, 0.7, 1.577943857428018, 1687773441.623196]
[13.004545603111518, 5.103143422894973, 0.7000000000000001, 1.5788394846409222, 1687773441.667211]
[13.004295477126988, 5.13114230567611, 0.7, 1.57972946523225, 1687773441.7111776]
[13.004020640333643, 5.159140956799638, 0.7000000000000001, 1.580612114193622, 1687773441.7551947]
[13.003721358142922, 5.187139357292708, 0.7, 1.5814851554369187, 1687773441.7992077]
[13.003397953801715, 5.215137489545272, 0.7, 1.58234673470515, 1687773441.84316]
[13.003071762557125, 5.243135589467802, 0.7000000000000001, 1.5824462873083964, 1687773441.8870113]
[13.00275701202036, 5.271133820342263, 0.6999999999999998, 1.5820375408349803, 1687773441.9312243]
[13.002463223892022, 5.299132279023691, 0.7, 1.5812888323726473, 1687773441.9752505]
[13.00219680954299, 5.327131011555623, 0.7, 1.5803112665794259, 1687773442.0191226]
[13.001962128542843, 5.355130028053138, 0.7, 1.5791779261706755, 1687773442.0637069]
[13.001762189501203, 5.383129314193675, 0.6999999999999998, 1.5779371139752687, 1687773442.0637593]
[13.001599112722253, 5.4111288392961505, 0.7000000000000001, 1.576620523680086, 1687773442.1072237]
[13.00147443426831, 5.439128561710545, 0.7000000000000001, 1.575249144756214, 1687773442.1395843]
[13.001389304444741, 5.46712843229798, 0.7, 1.5738367173225598, 1687773442.1832366]
[13.001344616023076, 5.495128396636261, 0.7, 1.572392428107371, 1687773442.2271369]
[13.001341085748761, 5.523128396413711, 0.7, 1.5709224301676323, 1687773442.2711024]
[13.00137930485869, 5.551128370329764, 0.6999999999999998, 1.5694313588599438, 1687773442.3152182]
[13.00145976914214, 5.579128254713437, 0.7, 1.5679225850976946, 1687773442.3593452]
[13.001582895634877, 5.607127983995464, 0.6999999999999998, 1.5663990584277168, 1687773442.403158]
[13.001749030750949, 5.635127491118326, 0.6999999999999998, 1.564862884759678, 1687773442.4471447]
[13.001958453137199, 5.663126707933518, 0.7, 1.5633168454908637, 1687773442.4906516]
[13.002211373519636, 5.691125565611648, 0.7, 1.5617634680285728, 1687773442.535224]
[13.002507931786196, 5.719123995088934, 0.6999999999999998, 1.560204774391811, 1687773442.5792599]
[13.002848195408244, 5.747121927524518, 0.6999999999999998, 1.5586436305357876, 1687773442.6234953]
[13.003232158284675, 5.775119294766983, 0.7, 1.55708289943568, 1687773442.6235478]
[13.003659740643668, 5.803116029814597, 0.7, 1.5555249423609483, 1687773442.6671464]
[13.004130789314283, 5.831112067269029, 0.7000000000000001, 1.5539723708974371, 1687773442.699545]
[13.004645079677822, 5.859107343753142, 0.7, 1.5524277978361285, 1687773442.7431903]
[13.005202318822631, 5.887101798284986, 0.6999999999999998, 1.5508934972955757, 1687773442.7871723]
[13.00580214823542, 5.915095372631174, 0.7, 1.5493722523821991, 1687773442.8312187]
[13.00641995759061, 5.943088555937126, 0.7, 1.548730065807269, 1687773442.875342]
[13.007039624131622, 5.971081698193363, 0.7, 1.54866355375938, 1687773442.919169]
[13.007650580259075, 5.999075031910703, 0.7, 1.5489747843482955, 1687773442.9632835]
[13.008245894497557, 6.027068702641021, 0.7000000000000001, 1.5495335159317878, 1687773443.007135]
[13.00882101575572, 6.055062795509667, 0.7, 1.5502548561063139, 1687773443.0511868]
[13.009373022484166, 6.083057353705355, 0.7, 1.5510805550375049, 1687773443.0951917]
[13.009899990163282, 6.111052394428047, 0.7, 1.5519748689888884, 1687773443.139168]
[13.010400649374743, 6.139047918005112, 0.7, 1.5529146979590014, 1687773443.1837144]
[13.010874162575458, 6.167043913883965, 0.7, 1.5538842807184612, 1687773443.183767]
[13.01131997859642, 6.1950403645174905, 0.7, 1.554873584665447, 1687773443.2270176]
[13.011737738021324, 6.223037247863015, 0.7, 1.5558757830861698, 1687773443.259657]
[13.01212721184319, 6.251034538984516, 0.7, 1.5568860684496417, 1687773443.3026311]
[13.012488264962819, 6.279032211042114, 0.7, 1.5579012404313533, 1687773443.3472917]
[13.012820826500578, 6.3070302360228805, 0.7, 1.558918937888415, 1687773443.3912323]
[13.013124753802995, 6.335028586477771, 0.7000000000000001, 1.559941521278427, 1687773443.4345055]
[13.013399999114714, 6.363027233588272, 0.6999999999999998, 1.5609658724702793, 1687773443.479187]
[13.01364659002881, 6.391026147726522, 0.6999999999999998, 1.5619892927314367, 1687773443.5224931]
[13.013864609336277, 6.41902529892047, 0.7, 1.563009761619001, 1687773443.566546]
[13.014054179648632, 6.447024657182699, 0.7, 1.5640258445596256, 1687773443.6112206]
[13.014215452882846, 6.475024192731417, 0.7000000000000001, 1.5650365305121567, 1687773443.6544495]
[13.014348603748612, 6.5030238761376085, 0.7000000000000001, 1.5660408933291166, 1687773443.699286]
[13.014453826063367, 6.531023678427347, 0.7, 1.567038427352286, 1687773443.7437592]
[13.014531330846541, 6.559023571159438, 0.7, 1.5680282895255115, 1687773443.7438114]
[13.01458134545336, 6.587023526490458, 0.7000000000000001, 1.5690100588281288, 1687773443.7872012]
[13.014604113399908, 6.6150235172336815, 0.6999999999999998, 1.5699832298243055, 1687773443.8194985]
[13.014609745512937, 6.643023516667241, 0.7, 1.5705952863332093, 1687773443.8633008]
[13.01460496105086, 6.6710235162584715, 0.7, 1.5709671058131747, 1687773443.9071965]
[13.014594237419487, 6.699023514204967, 0.7000000000000001, 1.5711793573560358, 1687773443.9512196]
[13.014580687575684, 6.7270235109264265, 0.7, 1.57128034120203, 1687773443.9952135]
[13.014566358487407, 6.755023507259948, 0.7, 1.5713081581207986, 1687773444.0384967]
[13.0145526057447, 6.783023503882485, 0.7, 1.5712874218722805, 1687773444.082457]
[13.014540335465224, 6.811023501193918, 0.7000000000000001, 1.5712344854325047, 1687773444.1272166]
[13.014530153600113, 6.8390234993426615, 0.7, 1.5711599698060648, 1687773444.171215]
[13.014522464483084, 6.867023498286902, 0.7, 1.5710709556627673, 1687773444.2150476]
[13.01451753003727, 6.895023497852103, 0.7000000000000001, 1.5709725006242317, 1687773444.2584813]
[13.014515522139343, 6.923023497780109, 0.7000000000000001, 1.5708679764385607, 1687773444.3025088]
[13.014516707478556, 6.95102349775502, 0.7, 1.5707540113582739, 1687773444.3025725]
[13.014521869249458, 6.979023497279236, 0.7, 1.5706121450720352, 1687773444.347593]
[13.0145325489514, 7.007023495242521, 0.7000000000000001, 1.5704148135202742, 1687773444.3795342]
[13.014550430799249, 7.035023489532512, 0.7000000000000001, 1.5701577177570336, 1687773444.4225893]
[13.014576102087286, 7.063023477764384, 0.7, 1.5698795485173305, 1687773444.4671826]
[13.014608651136784, 7.091023458845795, 0.7000000000000001, 1.5696339166279918, 1687773444.5112488]
[13.014646623785518, 7.119023433097175, 0.7, 1.5694401254023744, 1687773444.5551574]
[13.014689168981969, 7.147023400774054, 0.7, 1.5692768484944792, 1687773444.599229]
[13.014736487468241, 7.175023360791183, 0.7, 1.5691064065604607, 1687773444.6432538]
[13.01478963425663, 7.203023310352189, 0.6999999999999998, 1.5688983696500842, 1687773444.6864805]
[13.014850041309328, 7.231023245191184, 0.7, 1.5686387448528984, 1687773444.7312043]
[13.014919050886677, 7.259023160149595, 0.7, 1.568331578429708, 1687773444.7745416]
[13.014997605592024, 7.287023049955776, 0.7, 1.567990778749499, 1687773444.8192081]
[13.015086127604112, 7.315022910024236, 0.7, 1.5676347218158424, 1687773444.8638551]
[13.015188958178301, 7.343018162835187, 0.6998860416507316, 1.5671231425280543, 1687773444.863912]
[13.015308384486863, 7.371004716496549, 0.699670211815675, 1.5665290397270062, 1687773444.9072466]
[13.015445665140795, 7.398979615714718, 0.6993809013355264, 1.5658889957147155, 1687773444.9388607]
[13.01560096759306, 7.4269409577377345, 0.6990443327231491, 1.565242208212988, 1687773444.9825127]
[13.015773783275176, 7.454887565371379, 0.6986785488910766, 1.5646126156232636, 1687773445.0264912]
[13.01596318882334, 7.482818733700395, 0.698295262892728, 1.5640152230439381, 1687773445.070445]
[13.016168017863302, 7.5107340488461185, 0.6979016650918218, 1.5634589655601803, 1687773445.115398]
[13.016386981985006, 7.538633270804491, 0.6975020300907279, 1.5629480577884067, 1687773445.1592946]
[13.016618753615713, 7.566516261401234, 0.6970988464283872, 1.5624842701667931, 1687773445.202454]
[13.0168620035452, 7.594382921895328, 0.6966930536565477, 1.5620675187458326, 1687773445.247144]
[13.01711545646935, 7.622233194424185, 0.696285644651497, 1.5616960322364883, 1687773445.2904668]
[13.017377898927544, 7.650067043422764, 0.6958771560589763, 1.56136778907628, 1687773445.3352726]
[13.017647917274058, 7.677884405819367, 0.6954668219132591, 1.5610897851939642, 1687773445.3785477]
[13.017924261961655, 7.705685240040472, 0.6950551910530613, 1.5608565419684328, 1687773445.4225593]
[13.01820580346254, 7.733469516235153, 0.6946425651364804, 1.5606636753448306, 1687773445.422618]
[13.018491499616925, 7.76123720992682, 0.6942290846898611, 1.5605078983181022, 1687773445.4664345]
[13.018780371074822, 7.788988298040118, 0.6938147889527062, 1.560387441183045, 1687773445.499425]
[13.01907148249356, 7.816722756579727, 0.6933996576395465, 1.5603003647809517, 1687773445.5426273]
[13.019363930440427, 7.844440557893991, 0.6929836016722493, 1.5602459109217444, 1687773445.586512]
[13.01965683061035, 7.872141669867218, 0.6925665108234933, 1.5602229824669602, 1687773445.6310697]
[13.019949303231842, 7.899826057757907, 0.6921483191468277, 1.5602322546438319, 1687773445.675191]
[13.020240462784862, 7.927493685043586, 0.6917289812060557, 1.5602732216995585, 1687773445.7191608]
[13.020529410160297, 7.955144513651112, 0.6913084574144949, 1.5603468112946783, 1687773445.7632031]
[13.02081522625473, 7.982778503762277, 0.6908867039463766, 1.5604536968868477, 1687773445.8071737]
[13.02109696639543, 8.010395613213447, 0.6904636630304811, 1.56059505944848, 1687773445.8511283]
[13.02136991982968, 8.038001977127694, 0.690192831815441, 1.5609093100100417, 1687773445.8944595]
[13.02163079357762, 8.065601698854152, 0.6900238648455767, 1.5613446081703377, 1687773445.9384458]
[13.02187721927691, 8.093197525211849, 0.6899231651012819, 1.561866728657491, 1687773445.9825456]
[13.022107422917276, 8.120791295387574, 0.6898682601712552, 1.5624539239972888, 1687773445.9826038]
[13.022320002621436, 8.148384238841189, 0.6898440578152999, 1.5630923694737229, 1687773446.0272439]
[13.022513777815313, 8.175977172404275, 0.6898403490313302, 1.563773804423242, 1687773446.0588834]
[13.022687685287066, 8.203570629971946, 0.6898501396805317, 1.5644938455969215, 1687773446.1031735]
[13.022840705750188, 8.231164946986711, 0.6898685322098765, 1.565251058783035, 1687773446.147296]
[13.022971809931631, 8.258760314437456, 0.6898919720905556, 1.5660455296696694, 1687773446.191236]
[13.023079916792021, 8.286356812105712, 0.689917735425431, 1.5668789433260624, 1687773446.2351384]
[13.023163858847603, 8.313954427456812, 0.6899435752907618, 1.5677547561568401, 1687773446.27919]
[13.023222351102529, 8.34155306434089, 0.6899674716984054, 1.5686769299665024, 1687773446.3231013]
[13.023253961083263, 8.369152544167626, 0.6899874482089051, 1.569650943952284, 1687773446.3664708]
[13.023257078067775, 8.396752601206515, 0.6900014303723702, 1.5706833732485956, 1687773446.411149]
[13.023229880060374, 8.42435287296054, 0.6900071288706068, 1.5717818043854235, 1687773446.455153]
[13.023170296886416, 8.451952886067362, 0.6900019355277971, 1.5729550888479957, 1687773446.4992735]
[13.023075967888902, 8.479552037958824, 0.6899828272716805, 1.5742141006635124, 1687773446.5437896]
[13.022944192623786, 8.507149573458458, 0.6899462526050695, 1.5755711477560148, 1687773446.5438483]
[13.029067125354231, 8.53270861586085, 0.6570554360881586, 1.3356670584103854, 1687773446.5871677]
[13.039272705358071, 8.556865299620698, 0.6556005040648428, 1.1710668237247546, 1687773446.619558]
[13.052156914266831, 8.580062587392936, 0.6633800754434542, 1.0638023157154992, 1687773446.6632373]
[13.06680369077364, 8.602604490331943, 0.6720609394578707, 0.9945914637361322, 1687773446.707168]
[13.082609964634553, 8.624697255960125, 0.6791210249598363, 0.9497762476694445, 1687773446.7510197]
[13.09917777755149, 8.646481196135618, 0.6842114413779768, 0.920576238935432, 1687773446.7951357]
[13.116244384496412, 8.668051346561342, 0.6876320155072112, 0.9014355585238093, 1687773446.8384905]
[13.133637281484535, 8.689484107600295, 0.6900525846775895, 0.8890765472016766, 1687773446.8841085]
[13.151242229103623, 8.710829656620405, 0.6917218749435662, 0.8811392831208258, 1687773446.9264479]
[13.168984321856248, 8.73212039771672, 0.6928552841652161, 0.8760632738280206, 1687773446.9712026]
[13.18681466333235, 8.753376686984021, 0.69360963019987, 0.8728247708399811, 1687773447.0144804]
[13.204701565762576, 8.77461080260081, 0.6940951594412085, 0.8707506671918134, 1687773447.059263]
[13.222624749795507, 8.795829644256779, 0.6943881151323854, 0.8693974810985481, 1687773447.1036253]
[13.240571524214298, 8.817036532238244, 0.6945406800079192, 0.8684711103059571, 1687773447.1036925]
[13.258534269700856, 8.838232398377915, 0.6945884423643184, 0.8677760434341485, 1687773447.1471262]
[13.2765087801642, 8.859416556242232, 0.6945554202226972, 0.867180605002258, 1687773447.179587]
[13.294493170466298, 8.880587200021107, 0.694457725742844, 0.8665944919906834, 1687773447.223251]
[13.312487158650072, 8.901741728695258, 0.6943061708385703, 0.8659555136405696, 1687773447.2672405]
[13.330491596407343, 8.922876959881863, 0.6941081401098285, 0.8652184973970263, 1687773447.3112204]
[13.34850816461254, 8.943989269247021, 0.6938688351476182, 0.8643502602599875, 1687773447.3551335]
[13.366539178399382, 8.965074709102955, 0.6935926542735321, 0.8633254620912737, 1687773447.399117]
[13.384587464082497, 8.986129089557181, 0.6932836506485662, 0.8621242492270538, 1687773447.4432003]
[13.40265628370193, 9.007148049334585, 0.6929461164854769, 0.8607300772565045, 1687773447.4871314]
[13.420749290144038, 9.028127123991263, 0.6925850379035622, 0.8591295939259334, 1687773447.5311124]
[13.43887050095209, 9.04906181643987, 0.6922064490939477, 0.8573112118697211, 1687773447.5751884]
[13.457024282411805, 9.069947672890292, 0.6918177058276834, 0.8552662595277685, 1687773447.6184647]
[13.475215337782503, 9.090780365995224, 0.691427688511252, 0.8529880464722198, 1687773447.6632771]
[13.49344869498545, 9.111555786008942, 0.6910469374600383, 0.8504725349452787, 1687773447.6633356]
[13.511729690536415, 9.132270140029723, 0.6906877282972331, 0.8477185709224988, 1687773447.707118]
[13.530063946133591, 9.152920058519395, 0.6903640624394874, 0.8447285588476262, 1687773447.7394476]
[13.548457336086503, 9.173502708132018, 0.6900915967445448, 0.8415085963565124, 1687773447.7832801]
[13.566915943282329, 9.19401590890373, 0.6898874842638678, 0.8380693977159822, 1687773447.8270693]
[13.585442454902998, 9.214450703141683, 0.6895707217076562, 0.8343379496575575, 1687773447.8711476]
[13.604040818648906, 9.23480159050063, 0.6892286224113842, 0.830362848511393, 1687773447.915217]
[13.622715779990957, 9.25506575961513, 0.6889261258600776, 0.8261881459916905, 1687773447.9591599]
[13.641472453479414, 9.275242667727762, 0.6887127582209893, 0.8218603715159927, 1687773448.0032144]
[13.660316061211885, 9.295333725902791, 0.6886273352509334, 0.8174267605041106, 1687773448.0470784]
[13.67925169707361, 9.31534214554967, 0.688701296941151, 0.8129379791507136, 1687773448.0910995]
[13.698284120723562, 9.335272825602019, 0.6889598851440802, 0.8084481413242919, 1687773448.1344514]
[13.717417568507637, 9.355132269855266, 0.6894229245144778, 0.8040146477949874, 1687773448.1791945]
[13.736655575512982, 9.374928511567516, 0.6901051095066894, 0.7996983366728898, 1687773448.22327]
[13.756000809094225, 9.394671029058161, 0.6910160359848999, 0.7955616395042143, 1687773448.2233403]
[13.775454917707037, 9.414370641234047, 0.6921601430482968, 0.7916683106488981, 1687773448.2672076]
[13.795018400005052, 9.434039376792173, 0.6935366780496547, 0.7880810184244283, 1687773448.2994268]
[13.814690498896343, 9.45369031507792, 0.6951397567661207, 0.7848601257702531, 1687773448.3432825]
[13.834469124692212, 9.473337400070461, 0.6969585654278435, 0.7820617480472972, 1687773448.3871262]
[13.854350810859385, 9.492995231671351, 0.69897773037616, 0.7797366586836261, 1687773448.431187]
[13.874297142178985, 9.512645775350567, 0.6999999999999998, 0.777928291681319, 1687773448.4751227]
[13.89375254274369, 9.53202972608968, 0.6865903788784244, 0.7835584382621431, 1687773448.518465]
[13.912930166956869, 9.551157737282988, 0.6771549318072048, 0.7841029792898693, 1687773448.5631618]
[13.931975382141934, 9.570035824577452, 0.6704021187610204, 0.7809911759686722, 1687773448.607164]
[13.950988813772893, 9.588668274841813, 0.6655255372819333, 0.7752784147520981, 1687773448.6504774]
[13.970041483319214, 9.607059635181052, 0.6620264118452116, 0.76773876552022, 1687773448.6951835]
[13.989184676239734, 9.625216062143522, 0.6596010514108976, 0.758949234544534, 1687773448.7390811]
[14.008456311376008, 9.643146221692136, 0.658068453061889, 0.7493542883023706, 1687773448.783506]
[14.027884994811535, 9.660861863631682, 0.6573230319675902, 0.7393122869643385, 1687773448.7835598]
[14.047492547266781, 9.678378148222986, 0.6573033637373863, 0.7291254897776048, 1687773448.8271778]
[14.067302131660805, 9.695696516490518, 0.6578114819772521, 0.718400431201209, 1687773448.8596187]
[14.08733023332769, 9.712827921841313, 0.6588863263456226, 0.7076024666045343, 1687773448.9033108]
[14.107585902810392, 9.729788621222085, 0.6604721179189852, 0.6970929162726595, 1687773448.947164]
[14.128073962113952, 9.746601524602905, 0.6625869254855522, 0.6871880860976627, 1687773448.99115]
[14.148795237773232, 9.763294633903067, 0.6652213743630079, 0.6781476472735319, 1687773449.035084]
[14.16974672267839, 9.77989972530663, 0.6683439329097856, 0.6701815332958306, 1687773449.0791912]
[14.190921723577402, 9.796451190181005, 0.6719057097915775, 0.6634521249556096, 1687773449.1225345]
[14.212310031430976, 9.812984988226692, 0.6758449298169343, 0.6580779495756229, 1687773449.1672344]
[14.233898136552899, 9.829537691698473, 0.6800911129124058, 0.6541358651039512, 1687773449.2112107]
[14.255668474927836, 9.846144050440763, 0.6845248277258189, 0.6516413516156023, 1687773449.2545242]
[14.27760102737641, 9.862838292343664, 0.6890820749473722, 0.6506070624695725, 1687773449.2991486]
[14.299673686376282, 9.879653336010694, 0.6936984074729566, 0.6510131215351072, 1687773449.3435397]
[14.321862651287582, 9.896620120671999, 0.6983113317040146, 0.652811185102475, 1687773449.3435955]
[14.3428469671244, 9.912941284677885, 0.664606041974491, 0.6610440110763736, 1687773449.3873107]
[14.363129066463655, 9.928697043139127, 0.64207061444617, 0.6604528200009608, 1687773449.4195147]
[14.383045770480239, 9.943945594569541, 0.6270932046006905, 0.6534207759138937, 1687773449.4630334]
[14.402823884516874, 9.958733593467116, 0.6173829374063619, 0.6420243551562861, 1687773449.5064995]
[14.42261578495196, 9.973101336714661, 0.61142833229852, 0.6279244134134627, 1687773449.551278]
[14.44252438579826, 9.987089125358539, 0.6082817083818326, 0.61246896513103, 1687773449.595204]
[14.46261868800047, 10.000739627219579, 0.6073081909397336, 0.5967129443392337, 1687773449.6391768]
[14.482943878418588, 10.014098968445989, 0.6080631975463435, 0.5814760401315211, 1687773449.6831694]
[14.503527890920202, 10.02721695218847, 0.6102166972347632, 0.5673882376805898, 1687773449.727066]
[14.524385697415514, 10.040146689200657, 0.6135074322085867, 0.5549229625356695, 1687773449.77122]
[14.545522164588476, 10.05294384804077, 0.6177163178457811, 0.5444201426524229, 1687773449.8150759]
[14.566933230037886, 10.065664288943804, 0.6226171277591727, 0.5360743343714844, 1687773449.8584821]
[14.588597321537197, 10.07837768248749, 0.6279745396347592, 0.5306881665130855, 1687773449.9036984]
[14.61049143002918, 10.09114902324635, 0.633669438389239, 0.5280667985908907, 1687773449.9037528]
[14.632590897533618, 10.104038821616756, 0.6395962427625035, 0.5280218301885612, 1687773449.947094]
[14.65486941494011, 10.117103044092, 0.6456616019218575, 0.5303628063723284, 1687773449.9789615]
[14.67729917048759, 10.130392944303527, 0.6517837935005809, 0.5348953515143162, 1687773450.023301]
[14.699851100258803, 10.143954876497954, 0.6578922505110496, 0.5414222821537753, 1687773450.066574]
[14.722495201340074, 10.157830146715026, 0.6639269714055422, 0.5497449638671396, 1687773450.1111696]
[14.745200240525705, 10.172053945263391, 0.6698111905443516, 0.559648525471434, 1687773450.155191]
[14.767935002085684, 10.186656764012769, 0.675514479219499, 0.5709519246581165, 1687773450.199144]
[14.7906685633621, 10.201664341608508, 0.6810112855161807, 0.5834780580374705, 1687773450.242477]
[14.813370563952779, 10.217097711211013, 0.686280613209128, 0.5970564227845876, 1687773450.2870963]
[14.836011457627947, 10.232973335201438, 0.6913056051304425, 0.6115258140468396, 1687773450.331078]
[14.858562740326692, 10.249303309540107, 0.6960730983795324, 0.626735213620316, 1687773450.374462]
[14.880978795333135, 10.266081881527855, 0.7, 0.6425448417001054, 1687773450.4191375]
[14.903118603390013, 10.283223319600683, 0.7, 0.6588326704606898, 1687773450.4636114]
[14.924969407052423, 10.30073167130228, 0.7, 0.6755136724883325, 1687773450.4636633]
[14.946520933480944, 10.318607121187549, 0.7, 0.6924292637603265, 1687773450.5072837]
[14.967304268557465, 10.336259895533702, 0.6817108345090173, 0.7041291403305918, 1687773450.5387216]
[14.98762663841224, 10.353812712068144, 0.6713326694000354, 0.7124049850657802, 1687773450.583301]
[15.007685428069305, 10.371352775259046, 0.6661497857310229, 0.7185086041075339, 1687773450.6272423]
[15.0276046398433, 10.388944918472454, 0.6643881116007655, 0.7234411877841946, 1687773450.671121]
[15.047459043457046, 10.406639817651726, 0.6648810043074197, 0.727950345802711, 1687773450.7151399]
[15.067290224245841, 10.42447896161322, 0.6668539892457637, 0.7325665618121434, 1687773450.7592208]
[15.0871173105121, 10.442497551056542, 0.669786773596952, 0.7376484153855565, 1687773450.80308]
[15.106944204765497, 10.460726115986118, 0.6733249193030716, 0.7434228992496812, 1687773450.8465526]
[15.126767283138959, 10.479196458923154, 0.6773606888191699, 0.750087386751932, 1687773450.8905256]
[15.146575083266153, 10.497935173955842, 0.6816745864758356, 0.7576704126198963, 1687773450.9350524]
[15.166351032421483, 10.516964465092286, 0.6861131858837983, 0.7661594441557458, 1687773450.9792137]
[15.186075363755991, 10.536302639999613, 0.6905678167909403, 0.7755128691384224, 1687773451.023618]
[15.205726486178577, 10.555964425525707, 0.6949606205307302, 0.7856694764018093, 1687773451.0236797]
[15.225281980785235, 10.575961194110088, 0.699235351620057, 0.7965543647490103, 1687773451.067179]
[15.244626724087633, 10.596204239991682, 0.7000000000000001, 0.8080857286054971, 1687773451.0995116]
[15.263724649380043, 10.616680305275947, 0.7, 0.8202085680534642, 1687773451.1431947]
[15.282563050690491, 10.637395387609033, 0.6999999999999998, 0.8328092597244129, 1687773451.1871068]
[15.301131363817936, 10.658352910067597, 0.7, 0.8457715288635789, 1687773451.2309783]
[15.319420990905739, 10.679554078454956, 0.6999999999999998, 0.8589920782331231, 1687773451.2751436]
[15.337425139057885, 10.700998207006045, 0.6999999999999998, 0.872380462152047, 1687773451.3192306]
[15.35513884947644, 10.72268286663463, 0.7, 0.885848610879186, 1687773451.3631773]
[15.372558603681519, 10.74460436666165, 0.7, 0.8993306623289216, 1687773451.407215]
[15.38968222071045, 10.766757960948954, 0.7000000000000001, 0.9127684190346029, 1687773451.4511385]
[15.406508757365467, 10.789138033875497, 0.6999999999999998, 0.9261099852191944, 1687773451.4951594]
[15.423038412342903, 10.811738266315164, 0.6999999999999998, 0.9393102717596489, 1687773451.5391295]
[15.43927243470572, 10.834551782438805, 0.7, 0.9523296999326255, 1687773451.5834785]
[15.455213036873026, 10.857571278578895, 0.7000000000000001, 0.9651334389859177, 1687773451.583546]
[15.470863312107538, 10.880789135609295, 0.7, 0.9776914408672162, 1687773451.62732]
[15.486227156358279, 10.904197516370017, 0.7, 0.9899774316205213, 1687773451.6593754]
[15.501352756222973, 10.927561747239483, 0.6958228291870219, 0.9962632312731505, 1687773451.7032855]
[15.516335813047897, 10.950929229250892, 0.6939610973302065, 1.0006376404931503, 1687773451.7472274]
[15.531236487318461, 10.974334470896176, 0.6936477087612558, 1.003871575616758, 1687773451.7904947]
[15.54609068020236, 10.99780379529357, 0.6943775242538283, 1.0065223441765572, 1687773451.8350377]
[15.560925094532678, 11.021349054798497, 0.6957186453938528, 1.0085822171822407, 1687773451.8792565]
[15.575752311564425, 11.044981723909231, 0.6974728552979614, 1.010470528806887, 1687773451.923245]
[15.590575121767035, 11.06871286037512, 0.6995009561578779, 1.0124743805894836, 1687773451.9671545]
[15.6053536076816, 11.092495130116946, 0.7000000000000001, 1.0147843579459257, 1687773452.0112782]
[15.620066788927133, 11.116317856611538, 0.7, 1.0175280489265577, 1687773452.0544674]
[15.634702543210873, 11.14018822938923, 0.7, 1.020774869080945, 1687773452.0992217]
[15.649248018587455, 11.164113720942575, 0.7, 1.0245526396318714, 1687773452.142508]
[15.663690272924871, 11.1881016614472, 0.7000000000000001, 1.0288611505442056, 1687773452.142568]
[15.678016702725378, 11.212158955749993, 0.7, 1.0336826453485317, 1687773452.1872206]
[15.692215359360054, 11.236291882422293, 0.7, 1.0389856371027895, 1687773452.21949]
[15.706275168685954, 11.26050596431113, 0.7, 1.0447292983879646, 1687773452.2636948]
[15.720186077148186, 11.28480589488213, 0.7, 1.050867749922174, 1687773452.307727]
[15.73393914170189, 11.30919550774051, 0.7, 1.0573514203685497, 1687773452.351886]
[15.747526576759501, 11.33367777905171, 0.7, 1.064129455391907, 1687773452.3956509]
[15.76094176834646, 11.358254854440887, 0.7, 1.0711512423149163, 1687773452.439582]
[15.774179263389062, 11.3829280934864, 0.7000000000000001, 1.0783673341420181, 1687773452.482481]
[15.787210075141077, 11.407501049697014, 0.6953561281122369, 1.083210755967556, 1687773452.5264874]
[15.800123091207741, 11.432018176382458, 0.692746113688133, 1.0860225369183216, 1687773452.5716138]
[15.812975057420507, 11.456511998050482, 0.6915202163707189, 1.0875826631112602, 1687773452.615275]
[15.825800493785353, 11.481007535339687, 0.691250300648893, 1.0884611575105232, 1687773452.6593258]
[15.838618416108755, 11.50552505000554, 0.691650046121173, 1.0890702569923587, 1687773452.7045093]
[15.851436919587998, 11.530081716232361, 0.6925243170924077, 1.0897063848508366, 1687773452.7045681]
[15.864256330954303, 11.554692608777561, 0.6937368645828308, 1.090581672296961, 1687773452.7477381]
[15.877071402047894, 11.579371260163187, 0.6951896689695042, 1.0918457973495637, 1687773452.7792513]
[15.889872861043122, 11.604129950383115, 0.6968097363218997, 1.0936026208823972, 1687773452.8232284]
[15.902638067587425, 11.628976096612599, 0.6983379735913865, 1.0961935612074576, 1687773452.867631]
[15.91534592418206, 11.653917314700854, 0.6998008551347343, 1.0995680032641704, 1687773452.9118433]
[15.927954620474999, 11.678917730253248, 0.7, 1.103683055957373, 1687773452.9555767]
[15.940442479753404, 11.703978723263159, 0.7, 1.108510751398438, 1687773452.9996638]
[15.952792402985304, 11.729107977055625, 0.7, 1.1140072281789746, 1687773453.0436451]
[15.964988302285361, 11.75431234255573, 0.7, 1.1201272512125464, 1687773453.0877073]
[15.977015083927123, 11.779597842814601, 0.7, 1.126826485621946, 1687773453.1316829]
[15.98885864506261, 11.80496967876768, 0.7, 1.1340600036219948, 1687773453.1757019]
[16.000505874129445, 11.8304322406, 0.7000000000000001, 1.1417845276995937, 1687773453.2197733]
[16.01194464871624, 11.855989126872636, 0.6999999999999998, 1.1499560508705102, 1687773453.264999]
[16.023163827203422, 11.881643172052154, 0.7, 1.1585320720943466, 1687773453.2650514]
[16.03415323216503, 11.90739648210329, 0.7, 1.1674712994906586, 1687773453.3066301]
[16.04490362451686, 11.933250477235216, 0.7, 1.1767338430799474, 1687773453.3389952]
[16.055406667900094, 11.959205940623294, 0.7, 1.1862822329039018, 1687773453.3825605]
[16.065654882892513, 11.985263071882684, 0.7, 1.196080923409196, 1687773453.4275568]
[16.075641590399485, 12.011421544184604, 0.7000000000000001, 1.2060973416404632, 1687773453.47167]
[16.08536084299718, 12.037680564138558, 0.7, 1.2163019178549745, 1687773453.5157251]
[16.08941305034136, 12.06391333449479, 0.6635974989230319, 1.4175364884320243, 1687773453.5585763]
[16.089656448201147, 12.090133633067131, 0.655535706379178, 1.5615137873154763, 1687773453.6037035]
[16.087348031108483, 12.11634899181309, 0.6579199341737255, 1.6586257106909847, 1687773453.6465814]
[16.08333633099327, 12.142568425555531, 0.6631140755879967, 1.722623643311847, 1687773453.6906137]
[16.078192277629228, 12.168802662205621, 0.6683451847778045, 1.7644214350743128, 1687773453.735704]
[16.072298642932882, 12.19506296715929, 0.6728384585998173, 1.7915695065434296, 1687773453.7785938]
[16.065910887847238, 12.221360159985357, 0.6765471923513096, 1.8090874951056417, 1687773453.8226259]
[16.059198413857036, 12.247704000849412, 0.6796392694564897, 1.820289619985059, 1687773453.822688]
[16.052296545127064, 12.274119001928979, 0.6825449042001308, 1.8263685599611499, 1687773453.8680778]
[16.045326026943403, 12.300388873597315, 0.6794732708225283, 1.8301621521855653, 1687773453.8998654]
[16.0383704664173, 12.326594133706315, 0.677816106888826, 1.8302402648055713, 1687773453.9432564]
[16.031484285039696, 12.352790204332612, 0.6771510218477631, 1.827851400450174, 1687773453.9877675]
[16.02470154137044, 12.379015830411014, 0.6772135348650042, 1.8238810350100692, 1687773454.0316746]
[16.01804185294477, 12.405298604286797, 0.6778346279387513, 1.8189593026174387, 1687773454.0756848]
[16.011514427146274, 12.431658560630543, 0.6789028768899301, 1.813539932170972, 1687773454.1196778]
[16.005120825147777, 12.458110495605021, 0.6803413713024861, 1.8079540873384603, 1687773454.1637287]
[15.998856890491686, 12.484665443513885, 0.6820933476338747, 1.802447584562892, 1687773454.206597]
[15.99271413093139, 12.511331600605404, 0.684113216619315, 1.7972046526819532, 1687773454.2506065]
[15.986702771957129, 12.537782960340744, 0.6781458492489607, 1.79426165205085, 1687773454.2945316]
[15.980852640198197, 12.564128731979933, 0.6746868370127281, 1.7893030093753088, 1687773454.3396842]
[15.975180098883389, 12.590444097374368, 0.6729952548174415, 1.7831076983062735, 1687773454.382426]
[15.969691413481035, 12.616781656965717, 0.6725848982999626, 1.7762532461978442, 1687773454.382487]
[15.964385115721125, 12.643178858186214, 0.6731312224374587, 1.769170063190889, 1687773454.42776]
[15.959253704266324, 12.66966278906812, 0.6744117707658279, 1.762180489976345, 1687773454.4590764]
[15.954284911775465, 12.69625324775665, 0.6762679720734138, 1.755529576867799, 1687773454.5025969]
[15.949462692905685, 12.722964689560069, 0.6785807422690567, 1.7494026266296943, 1687773454.5473835]
[15.944768035304397, 12.749807450127026, 0.6812550939480835, 1.7439398645121587, 1687773454.59181]
[15.940179688982168, 12.776788490827938, 0.6842100734044505, 1.739243011087476, 1687773454.6352897]
[15.935745991310831, 12.803462174935511, 0.6759914472976873, 1.7355103582404, 1687773454.6786947]
[15.931488849090314, 12.829980313660025, 0.671441984322842, 1.7299751932014926, 1687773454.7239318]
[15.927416517731558, 12.856446080186673, 0.6694310459909916, 1.723470459193246, 1687773454.7667034]
[15.923526922226632, 12.882930186859824, 0.6692051532726736, 1.7166190581610632, 1687773454.8108056]
[15.919810083046569, 12.909481396761564, 0.6702525833299436, 1.7098800484577086, 1687773454.8557925]
[15.916216505066593, 12.936123977173892, 0.672096018868203, 1.7048681485031312, 1687773454.8996978]
[15.912703662814414, 12.962874733002717, 0.674510469758504, 1.7013666836267722, 1687773454.9426816]
[15.90923349028875, 12.989744949359107, 0.6773342160618911, 1.6992310017160495, 1687773454.9427645]
[15.905770851139252, 13.016741628827738, 0.6804458888348511, 1.6983615115406212, 1687773454.98783]
[15.902337531396388, 13.043315355571927, 0.6698650225659077, 1.699284224478668, 1687773455.0201533]
[15.89896869626032, 13.069653028431631, 0.663806288497815, 1.698014865968611, 1687773455.0666676]
[15.895681046294674, 13.095880738038693, 0.6608240090641273, 1.6954961478573205, 1687773455.1112535]
[15.892477510653045, 13.12208429041953, 0.6599662860624101, 1.6924484644696947, 1687773455.1585948]
[15.88935057126775, 13.148322596910365, 0.6605993857032199, 1.689411531860523, 1687773455.2026129]
[15.886284681557312, 13.174636422222056, 0.6622957620328807, 1.6867858195772791, 1687773455.2465143]
[15.883259295866797, 13.201056175395182, 0.6648102719504503, 1.6848118489854857, 1687773455.2917042]
[15.880248709569072, 13.227602821039627, 0.6679202912903226, 1.6837211962290202, 1687773455.3356557]
[15.877223485327814, 13.254290670869988, 0.6714691496440036, 1.6836704499589394, 1687773455.3796725]
[15.874151742408106, 13.281129244462564, 0.6753446513858951, 1.6847529154581649, 1687773455.42507]
[15.87100020362725, 13.308124219901632, 0.6794579161191298, 1.6870156532286067, 1687773455.4251256]
[15.867735214053702, 13.33527807955576, 0.683736174920294, 1.690462177403266, 1687773455.4666212]
[15.86432363873281, 13.362590482870639, 0.688116187956612, 1.6950620394121714, 1687773455.4988916]
[15.860733620769741, 13.3900585047174, 0.6925408170052679, 1.7007576361338888, 1687773455.543756]
[15.856935187564444, 13.417676834379336, 0.6969577767565993, 1.7074719572082342, 1687773455.5865746]
[15.852908297062415, 13.445385752670829, 0.7000000000000001, 1.7151143345143534, 1687773455.6317134]
[15.848646491176531, 13.473059512997011, 0.7, 1.7235975357912574, 1687773455.6754277]
[15.84412920359817, 13.50069271970442, 0.7, 1.7328362330469322, 1687773455.7185853]
[15.83933963807725, 13.528280036756296, 0.6999999999999998, 1.7426976429763397, 1687773455.7624817]
[15.83426444221593, 13.555816238145908, 0.7, 1.753060678694418, 1687773455.8066194]
[15.828893375028693, 13.583296260658093, 0.7, 1.763816498166821, 1687773455.8506181]
[15.823236638870501, 13.610718903419807, 0.7000000000000001, 1.774222633874464, 1687773455.8965056]
[15.817300008509603, 13.63808231731424, 0.7000000000000001, 1.7844404157204734, 1687773455.9398267]
[15.811086689687851, 13.665384234265606, 0.7, 1.7945632908327995, 1687773455.9826534]
[15.804598648366534, 13.692622173244407, 0.7, 1.804637432202648, 1687773455.9827282]
[15.79783756365033, 13.719793623950254, 0.7, 1.8146740385710682, 1687773456.0277421]
[15.790805478592544, 13.746896202789546, 0.6999999999999998, 1.824660253195596, 1687773456.0602012]
[15.78350520101965, 13.77392777594685, 0.7000000000000001, 1.8345686392393679, 1687773456.1027265]
[15.775940507021785, 13.800886548261602, 0.7000000000000001, 1.844363474498392, 1687773456.1478965]
[15.768116199583, 13.82777112028913, 0.7, 1.8540066442661385, 1687773456.1906357]
[15.760043283344082, 13.854582088630453, 0.7000000000000001, 1.8632664432347936, 1687773456.2345996]
[15.751727982535934, 13.881318875506778, 0.7, 1.8723194250279072, 1687773456.2786226]
[15.743282290144432, 13.908014760583473, 0.7000000000000001, 1.8772000795832093, 1687773456.3226109]
[15.73475653180648, 13.934685183241594, 0.6999999999999998, 1.8802007720786549, 1687773456.3676386]
[15.72617980688972, 13.9613392596597, 0.7000000000000001, 1.8821123425381239, 1687773456.411704]
[15.717566937685842, 13.98798167854532, 0.7, 1.8834685787366363, 1687773456.454601]
[15.708923209449852, 14.014614101682962, 0.7000000000000001, 1.884627132727012, 1687773456.4986296]
[15.700247748958834, 14.041236205004616, 0.7, 1.8858188164986196, 1687773456.5425048]
[15.691535028887897, 14.067846137529248, 0.7, 1.8872187967605376, 1687773456.5425718]
[15.682777388500645, 14.094441320078866, 0.7, 1.888907155881035, 1687773456.586596]
[15.673965943656249, 14.121018724763188, 0.7000000000000001, 1.8909311462104434, 1687773456.6199641]
[15.665091263643502, 14.14757508096413, 0.7, 1.8933113164792368, 1687773456.662751]
[15.65614388491894, 14.174107031777428, 0.7, 1.896050033494705, 1687773456.7067149]
[15.647114694436373, 14.200611252558835, 0.7, 1.8991352141461928, 1687773456.750584]
[15.637995206524694, 14.227084539854308, 0.7000000000000001, 1.9025440112306549, 1687773456.7946014]
[15.628777752587693, 14.253523876890611, 0.7, 1.906246986542265, 1687773456.8397028]
[15.61945297434276, 14.279925553176083, 0.7000000000000001, 1.9103090526748103, 1687773456.882575]
[15.610013372444296, 14.306286393754458, 0.7, 1.9146615398463478, 1687773456.926638]
[15.600453028656226, 14.332603685154865, 0.7, 1.9192457484917398, 1687773456.9706132]
[15.590767398918794, 14.358875125476807, 0.7, 1.924010379764193, 1687773457.0156906]
[15.580953151236727, 14.385098789264216, 0.7, 1.928910547932979, 1687773457.0596344]
[15.571008031835213, 14.411273101100244, 0.7, 1.9339059304230888, 1687773457.1026192]
[15.560967850457683, 14.437411095627489, 0.7, 1.9375403913714195, 1687773457.102681]
[15.550874213268223, 14.463528493818878, 0.6999999999999998, 1.9395862018190857, 1687773457.1466274]
[15.540751948858093, 14.489634810357435, 0.6999999999999998, 1.9406826483047601, 1687773457.1789036]
[15.530614490865998, 14.515735230765133, 0.7, 1.9412646639316768, 1687773457.2226295]
[15.5204675084319, 14.541831949859342, 0.6999999999999998, 1.941629503937146, 1687773457.2666895]
[15.510311380832473, 14.567925111265813, 0.6999999999999998, 1.9419800264487566, 1687773457.3106308]
[15.500142876911301, 14.594013452110051, 0.7, 1.94245450803978, 1687773457.3556588]
[15.489956380789865, 14.620094772950223, 0.7, 1.943144207952564, 1687773457.399032]
[15.479744750711143, 14.646166263339829, 0.7000000000000001, 1.944108043248684, 1687773457.442609]
[15.469499926660976, 14.67222472799493, 0.7, 1.9453816554293364, 1687773457.4876764]
[15.459213365283652, 14.698266745102492, 0.7, 1.9469837185306667, 1687773457.5306013]
[15.448876353665572, 14.724288777897945, 0.7, 1.9489216976300048, 1687773457.5744932]
[15.43848023647991, 14.750287253766002, 0.6999999999999998, 1.9511942659782309, 1687773457.6185827]
[15.428016580720138, 14.776258620848637, 0.7, 1.9537932819969954, 1687773457.662563]
[15.41747729709879, 14.802199389934167, 0.7, 1.9567071049355687, 1687773457.6626227]
[15.40685473641794, 14.828106169058204, 0.7, 1.9599192341954375, 1687773457.7077255]
[15.396141782676162, 14.853975699825625, 0.7, 1.9634111264452363, 1687773457.7399127]
[15.385331971939195, 14.879804907940295, 0.7, 1.9671579914420245, 1687773457.7838104]
[15.374419673787507, 14.905590984591246, 0.6999999999999998, 1.971129159980458, 1687773457.8267362]
[15.363403714549607, 14.931332947260572, 0.7, 1.975152656794617, 1687773457.8706079]
[15.352283247170154, 14.957029935513333, 0.7, 1.9792160997053059, 1687773457.9145815]
[15.341058489261641, 14.982681539944544, 0.6999999999999998, 1.9832782089676997, 1687773457.9585967]
[15.32973092711951, 15.008287912899654, 0.7, 1.9872894399055738, 1687773458.0038307]
[15.318302901857905, 15.033849607652156, 0.7000000000000001, 1.9912161767165717, 1687773458.0478446]
[15.306777128918759, 15.05936737711101, 0.7000000000000001, 1.9950434168198279, 1687773458.0906155]
[15.295156819955428, 15.084842235689553, 0.7, 1.9987512925831408, 1687773458.1345782]
[15.283449146392206, 15.110277061809207, 0.7, 2.002183393266679, 1687773458.180035]
[15.271660838425676, 15.13567461671684, 0.7000000000000001, 2.0053558077780926, 1687773458.2245512]
[15.259798200199334, 15.161037538754943, 0.7, 2.008284564969227, 1687773458.2246037]
[15.247867127560681, 15.186368340275841, 0.7, 2.0109844930144, 1687773458.2676337]
[15.235873126392327, 15.211669406181718, 0.7000000000000001, 2.0134703250643358, 1687773458.3008]
[15.223821330549324, 15.236942993520254, 0.7, 2.015755778528447, 1687773458.3425272]
[15.21171651890759, 15.262191231777964, 0.7, 2.0178544953540896, 1687773458.3865564]
[15.199563131201627, 15.287416123596731, 0.7, 2.019779293391567, 1687773458.4316695]
[15.187365282386887, 15.312619545671774, 0.7000000000000001, 2.021542634631016, 1687773458.4758918]
[15.175126775301045, 15.337803249615193, 0.7, 2.0231565131800675, 1687773458.5192754]
[15.162851111464361, 15.362968862609291, 0.7, 2.024632593581127, 1687773458.5639327]
[15.150541499973064, 15.388117887738177, 0.7000000000000001, 2.0259817564134788, 1687773458.606612]
[15.138200864559877, 15.413251703954558, 0.6999999999999998, 2.027215968827125, 1687773458.650612]
[15.12583184835256, 15.43837156538059, 0.7, 2.0283454409093005, 1687773458.6945353]
[15.11343681845129, 15.463478600923375, 0.7, 2.0293810525027522, 1687773458.738626]
[15.101017867478433, 15.488573812752204, 0.7, 2.0303342142530316, 1687773458.7826498]
[15.088576790647256, 15.51365806293595, 0.7, 2.0312159700380366, 1687773458.7827246]
[15.07611511309217, 15.538732085200298, 0.6999999999999998, 2.032037464864309, 1687773458.8279905]
[15.063638627715175, 15.5637987425889, 0.6999999999999998, 2.0326280963801944, 1687773458.8590772]
[15.051151305028489, 15.588860002974576, 0.6999999999999998, 2.0330605346474844, 1687773458.9037852]
[15.038655790562311, 15.613917179954944, 0.7, 2.033387510739368, 1687773458.9478736]
[15.026153723886354, 15.638971088409114, 0.7, 2.0336487914128365, 1687773458.992007]
[15.013645834575001, 15.66402209048438, 0.7, 2.0338814259976474, 1687773459.0356636]
[15.001131930909231, 15.689070088708666, 0.7, 2.03412156595607, 1687773459.079696]
[14.988611001105186, 15.714114575464082, 0.7, 2.034401940939518, 1687773459.1225812]
[14.976081486244167, 15.739154768301749, 0.7, 2.0347448402647146, 1687773459.1666007]
[14.963541313815128, 15.764189625510248, 0.7, 2.035170608151874, 1687773459.2119265]
[14.950987850591929, 15.7892178208328, 0.7, 2.03570125938424, 1687773459.2557235]
[14.938418815417478, 15.814238199622567, 0.7, 2.036323689614019, 1687773459.2996576]
[14.925832395749659, 15.839249837712574, 0.7, 2.037018577789154, 1687773459.3425987]
[14.913227286816287, 15.864252062189165, 0.7, 2.0377660092342076, 1687773459.342664]
[14.900602676041455, 15.889244445084438, 0.7, 2.0385462098977762, 1687773459.386571]
[14.887958191813514, 15.914226779214967, 0.7, 2.0393415379128492, 1687773459.4190032]
[14.87529383200402, 15.939199043642041, 0.7, 2.0401371081404016, 1687773459.4627213]
[14.862609884271647, 15.964161364646356, 0.7, 2.0409217141411493, 1687773459.5076725]
[14.84990684701004, 15.98911397662046, 0.7, 2.041686733525437, 1687773459.5505657]
[14.837185356844317, 16.014057185875956, 0.7, 2.042426294160602, 1687773459.59463]
[14.82444612598526, 16.038991339102395, 0.7, 2.0431376388486235, 1687773459.6386492]
[14.811690057669903, 16.063916470848152, 0.6999908353906368, 2.0438199708419273, 1687773459.6826108]
[14.798919018245497, 16.088830700788467, 0.699918879897254, 2.044473267520454, 1687773459.7277625]
[14.786134485452202, 16.113732811873707, 0.6998032827358047, 2.045099636917322, 1687773459.7715607]
[14.773337627592227, 16.138622028307225, 0.6996573562122, 2.0457019215070047, 1687773459.8156433]
[14.760529355526224, 16.16349786551311, 0.6994904886819896, 2.0462833707845287, 1687773459.858603]
[14.747693149310749, 16.18835700149061, 0.6994394324894455, 2.0474443032950003, 1687773459.9026206]
[14.734818460866748, 16.213197351974586, 0.6994643551930013, 2.04897446104074, 1687773459.9026816]
[14.721898706005785, 16.238017705087454, 0.6995400249069375, 2.0507333039628954, 1687773459.9476674]
[14.708929921334596, 16.262817461530755, 0.6996504910912511, 2.0526269700191806, 1687773459.979056]
[14.69590986954973, 16.28759644990961, 0.6997856875322804, 2.0545940235798983, 1687773460.0227015]
[14.682837447607827, 16.31235479554754, 0.6999392358244362, 2.056592739311656, 1687773460.0677624]
[14.669714301436663, 16.33708904375868, 0.7, 2.058596439493227, 1687773460.111697]
[14.656541930142195, 16.36179711196485, 0.7, 2.0605877277239886, 1687773460.1555784]
[14.64332096466295, 16.386479212195514, 0.7, 2.0625554027182997, 1687773460.1995735]
[14.630052184845322, 16.411135641015424, 0.7, 2.064493782965983, 1687773460.2426338]
[14.61673645495742, 16.435766746097258, 0.7, 2.06639888334977, 1687773460.2876174]
[14.603374698156347, 16.460372913112643, 0.7, 2.068268517794096, 1687773460.3306103]
[14.589967890419555, 16.48495456290082, 0.6999999999999998, 2.07010033684611, 1687773460.3745255]
[14.576517060335549, 16.509512151749306, 0.7, 2.0718920101601204, 1687773460.4195852]
[14.563023283024943, 16.534046168417838, 0.7, 2.0736416170599945, 1687773460.4645894]
[14.549487674479119, 16.558557131297622, 0.7, 2.0753476476273263, 1687773460.4646504]
[14.535911386552629, 16.58304558584537, 0.7, 2.077007910392272, 1687773460.5080168]
[14.52306268939504, 16.60792350740953, 0.7, 2.0475326859362606, 1687773460.540138]
[14.51068962823055, 16.63304137669456, 0.7, 2.0285063374600214, 1687773460.5825675]
[14.49862290291445, 16.65830783944948, 0.7, 2.016346663369125, 1687773460.6266546]
[14.486749869995089, 16.683665897129355, 0.7, 2.008694369581854, 1687773460.6705756]
[14.474995988442467, 16.70907940276016, 0.7, 2.0040009049541245, 1687773460.715667]
[14.463312073208755, 16.73452515141905, 0.7, 2.001249483424919, 1687773460.7595854]
[14.451665715084271, 16.759988111624732, 0.7, 1.99977413221985, 1687773460.8037674]
[14.440035570479383, 16.78545848139962, 0.7, 1.99913722020158, 1687773460.8466299]
[14.428414464923012, 16.810932976598693, 0.7, 1.9987825071632292, 1687773460.890613]
[14.41679737080283, 16.836409301376865, 0.7, 1.9986251736651532, 1687773460.9345915]
[14.405180719401347, 16.861885828028203, 0.6999999999999998, 1.998607747080192, 1687773460.9795516]
[14.393561938569656, 16.887361383605757, 0.7, 1.9986912414180045, 1687773461.0224533]
[14.381939140586967, 16.912835106675885, 0.7, 1.9988489402011973, 1687773461.0225215]
[14.37031091033665, 16.938306350486222, 0.7000000000000001, 1.9990622565146012, 1687773461.0665216]
[14.358676160744144, 16.963774617053062, 0.7000000000000001, 1.9993180971166655, 1687773461.0989377]
[14.34703403352311, 16.98923951198254, 0.7, 1.999607902795229, 1687773461.142611]
[14.335383830595143, 17.014700713284466, 0.7000000000000001, 1.999925019393418, 1687773461.1875865]
[14.323724966391753, 17.040157949691565, 0.7, 2.0002651852307523, 1687773461.2317975]
[14.312056934465083, 17.065610985482177, 0.7, 2.000625227365481, 1687773461.2758703]
[14.300379284063574, 17.091059609828104, 0.7, 2.001003326521347, 1687773461.3184893]
[14.288691603488274, 17.116503629219107, 0.7000000000000001, 2.0013973623270203, 1687773461.36322]
[14.276993508345349, 17.141942862109016, 0.7, 2.001806711979446, 1687773461.4080515]
[14.265284633248053, 17.16737713512705, 0.7, 2.002230745050281, 1687773461.451603]
[14.253564626023639, 17.192806280426485, 0.6999999999999998, 2.0026683731111694, 1687773461.4945712]
[14.24183314378644, 17.218230133881818, 0.7, 2.0031197247666266, 1687773461.539771]
[14.230089850444513, 17.243648533939364, 0.7, 2.0035843702390186, 1687773461.582522]
[14.218334606247291, 17.269061409295446, 0.7, 2.004054510038627, 1687773461.5825992]
[14.206567021545489, 17.29446857266104, 0.7, 2.0045401928107673, 1687773461.6265862]
[14.194786735170169, 17.319869849261153, 0.7, 2.005040129324883, 1687773461.6589863]
[14.182993408843004, 17.345265074287543, 0.7, 2.0055535969454716, 1687773461.7025049]
[14.171186724595774, 17.370654091737737, 0.6999999999999998, 2.006079599469115, 1687773461.746503]
[14.159366384309873, 17.39603675423649, 0.7, 2.0066175061133618, 1687773461.7906482]
[14.147532110793007, 17.421412923575616, 0.7000000000000001, 2.007166466252505, 1687773461.8345268]
[14.135692492222494, 17.446786599543138, 0.7, 2.0073772200799898, 1687773461.8786333]
[14.123853020212755, 17.47216034389691, 0.7, 2.007371432606055, 1687773461.9225113]
[14.112017178632716, 17.497535781904798, 0.6999999999999998, 2.007228272528928, 1687773461.9665265]
[14.100187151898014, 17.522913931314402, 0.7, 2.006999232785703, 1687773462.0106063]
[14.088364287143234, 17.54829541805159, 0.7, 2.0067169812172803, 1687773462.0545073]
[14.076549397007426, 17.573680617894784, 0.6999999999999998, 2.0064028847715667, 1687773462.0985513]
[14.064742959143691, 17.599069749919526, 0.6999999999999998, 2.006069908057201, 1687773462.1425002]
[14.052945248833021, 17.624462938601248, 0.7, 2.005725987138617, 1687773462.1425605]
[14.041156428344264, 17.64986025561474, 0.7, 2.005376114128615, 1687773462.1865668]
[14.029376608445817, 17.675261748546458, 0.7, 2.0050215782330993, 1687773462.218777]
[14.017605892140972, 17.700667461244016, 0.7000000000000001, 2.0046634398667638, 1687773462.2625687]
[14.005844412401418, 17.726077451293918, 0.7, 2.0043000442514014, 1687773462.3076959]
[13.9940923855867, 17.751491814668714, 0.7, 2.0039278892901997, 1687773462.350493]
[13.982350118651715, 17.77691068890082, 0.7, 2.0035439947673868, 1687773462.3945143]
[13.970618016663114, 17.80233425637136, 0.7, 2.0031438986576577, 1687773462.4384944]
[13.958896590503247, 17.827762747651395, 0.7, 2.00272412687192, 1687773462.48249]
[13.94718646487667, 17.853196444940814, 0.7, 2.002279787595307, 1687773462.526442]
[13.935488386953974, 17.878635685749344, 0.7000000000000001, 2.0018062822347353, 1687773462.5705922]
[13.923803236154965, 17.90408086703784, 0.7000000000000001, 2.0012980601488426, 1687773462.6145868]
[13.912132035656908, 17.929532450071793, 0.6999999999999998, 2.0007500569959284, 1687773462.6586375]
[13.900475966172483, 17.954990966214222, 0.7, 2.0001555331005227, 1687773462.7025635]
[13.888836382345481, 17.98045702378767, 0.7, 1.9995080061216906, 1687773462.702626]
[13.877214831741776, 18.00593131595773, 0.7, 1.998800162959768, 1687773462.7465732]
[13.865613075894956, 18.03141462934651, 0.6999999999999998, 1.9980230216752615, 1687773462.7804077]
[13.854033112256912, 18.056907852801807, 0.7, 1.9971681088189563, 1687773462.8239706]
[13.842454480685477, 18.08240168128897, 0.6999999999999998, 1.997115728881745, 1687773462.866606]
[13.830865276673457, 18.107890705404614, 0.7, 1.9975305217667194, 1687773462.9115255]
[13.819259253787157, 18.133372075712405, 0.7000000000000001, 1.9981906048735634, 1687773462.9544857]
[13.807633887967983, 18.15884462700925, 0.7, 1.9989498611231042, 1687773462.9997048]
[13.795989129269731, 18.184308318706634, 0.7000000000000001, 1.9997111730650903, 1687773463.0426695]
[13.784326578565183, 18.209763866452928, 0.7000000000000001, 2.0004100558923743, 1687773463.0865917]
[13.77264893975595, 18.23521249611822, 0.7, 2.0010029611322646, 1687773463.1318705]
[13.760959370988447, 18.260655648085493, 0.7, 2.001471831878883, 1687773463.1759102]
[13.74926222347895, 18.286095316718182, 0.7, 2.001769509362581, 1687773463.2196774]
[13.73756222997495, 18.311533676571095, 0.7, 2.0018816112782374, 1687773463.2625887]
[13.725864000122078, 18.336972847514925, 0.7, 2.001812133972787, 1687773463.2626507]
[13.714171701276596, 18.362414745001313, 0.7000000000000001, 2.0015790058644396, 1687773463.3066072]
[13.70248884494669, 18.387860979850004, 0.7, 2.0012080477017697, 1687773463.3390367]
[13.690818166429507, 18.413312802239542, 0.6999999999999998, 2.00072929275539, 1687773463.3838067]
[13.679161549097186, 18.438771067545094, 0.7, 2.000177028079078, 1687773463.4276476]
[13.667519979917827, 18.464236217594568, 0.7, 1.999585978080607, 1687773463.4705334]
[13.655893528658009, 18.489708273481423, 0.7000000000000001, 1.9989923854311034, 1687773463.5145376]
[13.644281348103755, 18.515186838252134, 0.7, 1.998432328002425, 1687773463.5585663]
[13.632681693524109, 18.540671108177577, 0.6999999999999998, 1.9979406518513485, 1687773463.6025865]
[13.6210919629534, 18.566159892873955, 0.7, 1.9975512216627727, 1687773463.6474733]
[13.60950876321977, 18.59165164612733, 0.7, 1.9972949513064633, 1687773463.6915615]
[13.597928009754474, 18.617144510799154, 0.7, 1.9971990584417822, 1687773463.73598]
[13.586345069523826, 18.642636381966515, 0.7, 1.997284866351549, 1687773463.7796178]
[13.574754954199566, 18.66812499171225, 0.7, 1.9975663992064334, 1687773463.8245378]
[13.563152564281486, 18.693608016418686, 0.7, 1.9980480191567258, 1687773463.8245893]
[13.551539616903556, 18.7190862316858, 0.7, 1.9984623178072576, 1687773463.8680155]
[13.539916002105992, 18.744559582055114, 0.7000000000000001, 1.998880914014719, 1687773463.8988702]
[13.528280798724246, 18.77002764131108, 0.7, 1.9993359893043599, 1687773463.9434268]
[13.516632975394693, 18.795489931304, 0.7, 1.9998316048967533, 1687773463.988031]
[13.504973739355592, 18.82094192595985, 0.6998847302310074, 2.0003553623445978, 1687773464.0316324]
[13.493310231759098, 18.846367528638105, 0.6993294471339857, 2.000887027492, 1687773464.0759802]
[13.481646343650507, 18.871759139484073, 0.6985611046836023, 2.0014065877112848, 1687773464.118489]
[13.469984245441935, 18.897114000649538, 0.6977076390519331, 2.0018979493666444, 1687773464.1640203]
[13.458325292391727, 18.92243183759891, 0.6968339355712766, 2.0023506184381885, 1687773464.2065403]
[13.446670516179001, 18.947713456495066, 0.6959678793679954, 2.0027582851969705, 1687773464.2505584]
[13.435020864682837, 18.972960003511343, 0.6951180278499277, 2.003119194615609, 1687773464.2944973]
[13.423377305930618, 18.998172632216356, 0.6942843017423044, 2.003431627759759, 1687773464.338543]
[13.411740868954181, 19.023352385057073, 0.6934635077935625, 2.0036955484587584, 1687773464.3845077]
[13.400112658948846, 19.048500163109384, 0.6926516119669016, 2.003909996779913, 1687773464.3845687]
[13.388493858628078, 19.073616730252912, 0.6918446655360775, 2.0040746154415614, 1687773464.426582]
[13.376885722663904, 19.098702758757973, 0.6910398173764516, 2.0041884725331465, 1687773464.458779]
[13.365289578909582, 19.12375890089236, 0.6902358331711236, 2.00424888918437, 1687773464.5025659]
[13.353706833728998, 19.148785822905026, 0.689432199053405, 2.0042530218897867, 1687773464.546499]
[13.342138977782117, 19.17378420264078, 0.688628292613593, 2.004197697862979, 1687773464.5905626]
[13.330587594218764, 19.198754728920377, 0.6878233988949454, 2.004079607622133, 1687773464.6345577]
[13.319054368034074, 19.22369810934569, 0.6870168908354294, 2.0038944900488813, 1687773464.6784942]
[13.307541097376589, 19.248615080445294, 0.6862082637631624, 2.0036383046247748, 1687773464.7225647]
[13.296049643370141, 19.273506403461802, 0.6853974561770572, 2.0033082802721456, 1687773464.7665372]
[13.284582041740803, 19.298372896519663, 0.6845839813920631, 2.00289766959996, 1687773464.810571]
[13.273140480715576, 19.323215414338854, 0.6837671434280772, 2.00240031969987, 1687773464.8545263]
[13.261748801681625, 19.348065230946585, 0.6834122733800809, 2.0006311150996905, 1687773464.8985574]
[13.250423427534095, 19.3729432967718, 0.6833658696049163, 1.9979953096555942, 1687773464.9424646]
[13.239175620605252, 19.397863618531158, 0.6835274305479833, 1.9947729999204895, 1687773464.942536]
[13.228013041945843, 19.42283553272246, 0.6838309644500975, 1.9911572210047315, 1687773464.9864762]
[13.216940831441068, 19.447865230931114, 0.6842329820126978, 1.987281173997764, 1687773465.018793]
[13.205962357304943, 19.472956780497935, 0.6847046598816592, 1.9832375086101193, 1687773465.062573]
[13.195079735150225, 19.498112807092372, 0.6852267594483326, 1.9790907558060367, 1687773465.1065428]
[13.184294185135478, 19.523334952160308, 0.6857863602047316, 1.974885804101056, 1687773465.150492]
[13.184294185135478, 19.523334952160308, 0.6857863602047316, 1.974885804101056, 1687773465.150492]
