[2.499994697094459, 0.8933407936868988, -0.031342087841427384, 1.5718213633779972, 1686825754.6482038]
[2.4999979097725595, 0.8902065865493125, 0.018657913148245386, 1.5718197793285391, 1686825755.045286]
[2.4999960002240447, 0.8920723768869708, 0.06865791413743268, 1.5718130946384625, 1686825755.2021863]
[2.4999890193093175, 0.8989381647517289, 0.1186579151260767, 1.5717633930027217, 1686825755.3548086]
[2.4999775443051053, 0.9108039507157918, 0.16865791611410896, 1.571649592530256, 1686825755.5126796]
[2.49996315330477, 0.9276697361875286, 0.2186579171014475, 1.571478091400097, 1686825755.6716642]
[2.499948245983072, 0.9495355228160309, 0.2686579180879652, 1.5712797352181116, 1686825755.8336256]
[2.499935258833521, 0.9764013114857787, 0.31865791907320073, 1.571093930844541, 1686825755.9966214]
[2.4999257754449444, 1.0082671019819514, 0.36865792005663284, 1.570949830747749, 1686825756.160499]
[2.4999201164001685, 1.0451328935532718, 0.41865792103749655, 1.5708564786169568, 1686825756.326]
[2.499917598096493, 1.0869986855812812, 0.4686579220145775, 1.5708058285216613, 1686825756.4933832]
[2.499917152790541, 1.1338644777806233, 0.5186579229857478, 1.5707828160714714, 1686825756.672087]
[2.499917853534916, 1.1857302700744643, 0.5686579239467188, 1.5707740557956529, 1686825756.847939]
[2.4999191199929354, 1.2425960624550336, 0.6186579248866182, 1.5707712327581713, 1686825757.0215695]
[2.499920672455404, 1.3044618549242166, 0.668657925760593, 1.5707704292819153, 1686825757.1923704]
[2.499922404113135, 1.371327647477853, 0.7000000098772318, 1.5707735427256198, 1686825757.3663337]
[2.499923998998007, 1.4413276484474074, 0.7000000098196002, 1.5707739044216096, 1686825757.5401044]
[2.499925568564159, 1.5113276494117707, 0.7000000097880302, 1.5707739364259445, 1686825757.7201245]
[2.4999271358900073, 1.5813276503730271, 0.7000000098753383, 1.5707739403121648, 1686825757.8955636]
[2.4999287029438206, 1.6513276513430206, 0.700000009809991, 1.5707739417304094, 1686825758.0665221]
[2.4999302698983565, 1.7213276523064815, 0.7000000097741351, 1.5707739429827443, 1686825758.2372372]
[2.499931836765229, 1.791327653266359, 0.7000000097528772, 1.570773944292021, 1686825758.4040914]
[2.4999334035404517, 1.8613276542241124, 0.700000009752134, 1.570776903279258, 1686825758.5733464]
[2.499934763186565, 1.9313276551861212, 0.7000000097489573, 1.5707771431751683, 1686825758.7421114]
[2.4999361060399647, 2.0013276561481366, 0.7000000098699529, 1.5707771644224486, 1686825758.9311874]
[2.499937447406055, 2.07132765712228, 0.7000000098018687, 1.5707771671719823, 1686825759.1513283]
[2.4999387885796778, 2.1413276580896183, 0.6999999520065411, 1.475145274434296, 1686825759.3700328]
[2.506624156683981, 2.211007678048008, 0.700000009835276, 1.4235836030098858, 1686825759.5900779]
[2.5168918672496945, 2.2802505423549717, 0.700000009748126, 1.368128918111345, 1686825759.8024542]
[2.5309816675774885, 2.3488178644785362, 0.7000000097234786, 1.3260560232055054, 1686825760.01748]
[2.5479429740932655, 2.41673188525044, 0.7000000097122742, 1.2895961807281309, 1686825760.2288256]
[2.567368594294478, 2.4839825017217416, 0.7000000097034486, 1.3228598453937277, 1686825760.4403343]
[2.584546879092004, 2.551841964343128, 0.700000009691556, 1.3500733805197294, 1686825760.6554184]
[2.599872335423331, 2.620143725110464, 0.7000000095214788, 1.388464927914023, 1686825760.8697455]
[2.6125649327777127, 2.6889833801480965, 0.7000000098216665, 1.4273414221442826, 1686825761.0859222]
[2.622572369299077, 2.7582643396663813, 0.7000000097271458, 1.4820323923282894, 1686825761.3082335]
[2.628777688645621, 2.82798875538991, 0.7000000097017429, 1.531412442225972, 1686825761.5278761]
[2.631533847966004, 2.8979344752133924, 0.7000000095592922, 1.604829829052108, 1686825761.752514]
[2.629151962652342, 2.9678939403069924, 0.7000000096339909, 1.6087546549009926, 1686825761.9680398]
[2.6264955176719336, 3.0378435181108787, 0.7000000096579425, 1.6379227976576016, 1686825762.179517]
[2.6218001926614813, 3.107685869576572, 0.7000000096650995, 1.6444536258507605, 1686825762.3968394]
[2.616648842626865, 3.1774960674571986, 0.7000000096635901, 1.6491361000571934, 1686825762.6150723]
[2.6111706658088836, 3.2472813790495474, 0.7000000096574819, 1.6539816903256201, 1686825762.823964]
[2.605354403600476, 3.3170393264758284, 0.7000000096488102, 1.6592106558936706, 1686825763.0128913]
[2.5991734606633523, 3.386765907343467, 0.7000000096613631, 1.6518144381473825, 1686825763.1780584]
[2.5935083950595055, 3.4565362962413597, 0.7000000096631778, 1.6556677824614952, 1686825763.3432992]
[2.5875745228477522, 3.5262843377612407, 0.7000000096594867, 1.6608815942567672, 1686825763.5665529]
[2.581277079774552, 3.5960004933205703, 0.7000000096529375, 1.666455987696579, 1686825763.788599]
[2.5745911112765794, 3.6656804614633964, 0.7000000096448725, 1.6722451676825123, 1686825764.0050054]
[2.567501867193417, 3.735320555901569, 0.7000000096359689, 1.6781812623385797, 1686825764.2046976]
[2.5599993602479496, 3.8049173412040296, 0.700000009626581, 1.684195612136881, 1686825764.369349]
[2.5520784121058866, 3.8744677453387495, 0.6999999346648299, 1.5975586485571682, 1686825764.5339599]
[2.550205273373218, 3.944442672538396, 0.700000009784648, 1.5582801714684198, 1686825764.703723]
[2.551081381383575, 4.0144371906933145, 0.6999999264254166, 1.505682542872202, 1686825764.8689282]
[2.5556361256485403, 4.084288842603893, 0.7000000097694863, 1.4378035005589216, 1686825765.0357049]
[2.5649182048831984, 4.153670707250603, 0.6999999278217562, 1.3661620752719894, 1686825765.200938]
[2.5791428373527747, 4.222210176322154, 0.7000000098003754, 1.3122489283364214, 1686825765.3667812]
[2.5970401927144624, 4.289883544852638, 0.6999999437445856, 1.3195446569883256, 1686825765.5320325]
[2.614443347965078, 4.357685679035473, 0.700000009856013, 1.407956432747267, 1686825765.697112]
[2.6257918308145585, 4.4267596399397044, 0.7000000097882552, 1.4895635779963972, 1686825765.8641267]
[2.631471871626908, 4.496528811307907, 0.7000000097528012, 1.5645502769528623, 1686825766.0626078]
[2.631909092279037, 4.566527446827755, 0.7000000097292092, 1.6291830272445438, 1686825766.3090708]
[2.6278243449360237, 4.636408166453076, 0.7000000098474616, 1.6613373538409117, 1686825766.5382626]
[2.6214951287102, 4.706121444670581, 0.7000000096926939, 1.667937202204395, 1686825766.760883]
[2.6147059566043596, 4.775791433028661, 0.7000000096894521, 1.6740133445944654, 1686825766.9875083]
[2.6074935876598486, 4.845418883576994, 0.7000000097028262, 1.6703621956946695, 1686825767.2132554]
[2.600535486413429, 4.91507220340372, 0.7000000097079876, 1.6727306184267987, 1686825767.4335668]
[2.5934124363306092, 4.984708848163713, 0.7000000095625205, 1.676047310608481, 1686825767.661854]
[2.586058462535865, 5.0543214849712745, 0.7000000098525941, 1.6792899545574318, 1686825767.897866]
[2.5784787988005724, 5.123909909551776, 0.7000000097767655, 1.6817719342219803, 1686825768.0828874]
[2.5707264415349496, 5.193479307232804, 0.7000000097364181, 1.6831778620531337, 1686825768.31205]
[2.5628762824113864, 5.2630377369020005, 0.7000000097136978, 1.6839064800800556, 1686825768.5367308]
[2.5549754438505454, 5.332590428338259, 0.7000000097149696, 1.6751739426004846, 1686825768.7541704]
[2.547682270301125, 5.402209461336338, 0.7000000097132685, 1.6744997106210031, 1686825768.9716856]
[2.5404360377842914, 5.4718333958007, 0.7000000097098973, 1.6750100313877077, 1686825769.1878324]
[2.5331542756729766, 5.5414536232959675, 0.7000000097052054, 1.674882107810249, 1686825769.4031363]
[2.525881419689832, 5.611074781730177, 0.7000000097003756, 1.6743162770033762, 1686825769.6235971]
[2.518647958665142, 5.680700044224544, 0.7000000096947178, 1.6735829692561777, 1686825769.8421907]
[2.511465556325184, 5.750330592350729, 0.7000000096888965, 1.673315255336835, 1686825770.0550733]
[2.5043017953093916, 5.8199630608101565, 0.7000000096961393, 1.6652765154030684, 1686825770.2751117]
[2.497698017034401, 5.889650866402245, 0.7000000096960087, 1.6641975516504999, 1686825770.4926164]
[2.4911694332049894, 5.959345756666355, 0.700000009692344, 1.6627842669530193, 1686825770.7159064]
[2.484739354584734, 6.029049804071295, 0.7000000096856603, 1.659201262232914, 1686825770.9490485]
[2.4785590666354036, 6.09877644300121, 0.7000000096767977, 1.6539496410332968, 1686825771.1686475]
[2.472745040122671, 6.168534576800678, 0.7000000095046516, 1.6473454078985406, 1686825771.3907523]
[2.467391836032478, 6.238329586214201, 0.7000000098213737, 1.638524336215059, 1686825771.6118045]
[2.462654499005602, 6.308169100641157, 0.7000000097257567, 1.6262334445573794, 1686825771.8302937]
[2.458775888093223, 6.378061564566469, 0.7000000098247318, 1.6117450461059444, 1686825772.0099711]
[2.4559102786990774, 6.448002885831844, 0.7000000097982182, 1.5949382901868137, 1686825772.1954334]
[2.454220505392151, 6.517982488598267, 0.7000000098148074, 1.59082414687704, 1686825772.3779745]
[2.452818651688222, 6.58796845107361, 0.700000009810694, 1.5801521480481517, 1686825772.5624547]
[2.4521637537454346, 6.657965388478287, 0.7000000098069675, 1.5668632635676214, 1686825772.7479873]
[2.4524390674653955, 6.7279648480451515, 0.7000000098026559, 1.5536712135466768, 1686825772.9353049]
[2.4536377668172262, 6.797954584843493, 0.7000000097998014, 1.5348586795023949, 1686825773.1204815]
[2.4561528607013012, 6.867909387680407, 0.7000000098103207, 1.5193538138515208, 1686825773.3094256]
[2.4597522486382064, 6.937816787459144, 0.7000000098085692, 1.4936713096695373, 1686825773.4552996]
[2.465145649300741, 7.00760870222449, 0.700000009805612, 1.4687037385865753, 1686825773.6005542]
[2.472279722537724, 7.077244218567287, 0.7000000097955282, 1.4360290661284512, 1686825773.744961]
[2.481684900664751, 7.146609503555791, 0.7000000097933097, 1.4043179746605472, 1686825773.8917272]
[2.493284630552643, 7.215641716352675, 0.7000000097910566, 1.3674904273347004, 1686825774.0382802]
[2.5074182076090867, 7.284200028297065, 0.7000000097869838, 1.3385007712311643, 1686825774.183952]
[2.523533049669119, 7.352319863898731, 0.7000000097955245, 1.3099895407101458, 1686825774.3292086]
[2.5415832595905985, 7.419952622669373, 0.7000000097843057, 1.3231961507143493, 1686825774.4734726]
[2.5587387219207596, 7.487817858609571, 0.7000000097692144, 1.3607188145435232, 1686825774.6172304]
[2.5733362217263362, 7.55627889231631, 0.7000000097534965, 1.4074892809234105, 1686825774.7623384]
[2.5847169713614995, 7.625347544209124, 0.7000000097357814, 1.4535024130217247, 1686825774.9090185]
[2.5929087317284996, 7.694866571808699, 0.7000000097172406, 1.489595849014076, 1686825775.054517]
[2.598586521015153, 7.764635926434192, 0.700000009694324, 1.5254679519604537, 1686825775.206434]
[2.601758420840301, 7.8345640265601055, 0.7000000096844056, 1.5566577559134114, 1686825775.3533092]
[2.6027480878426568, 7.904557031173468, 0.7000000096593574, 1.5775908059232884, 1686825775.499899]
[2.6022724779565434, 7.974555416372465, 0.7000000095728955, 1.6225748394140385, 1686825775.6458988]
[2.5986496013608273, 8.044461602788209, 0.700000009545655, 1.634498385602624, 1686825775.7911644]
[2.594193472404025, 8.114319623432653, 0.700000009287882, 1.6380229712352947, 1686825775.9383075]
[2.5894911510614076, 8.184161504163495, 0.7000000094793852, 1.6391170408310411, 1686825776.0822256]
[2.5847124206688212, 8.253998198447706, 0.700000009438861, 1.639472205566132, 1686825776.2260745]
[2.5799088870474085, 8.323833191086726, 0.7000000094093961, 1.6387128810213762, 1686825776.37037]
[2.5751583822298896, 8.393671811030925, 0.7000000093561097, 1.6384533510018615, 1686825776.5140483]
[2.5704260027909114, 8.463511661516383, 0.7000000092922435, 1.6383656193505456, 1686825776.658418]
[2.5656997505359795, 8.533351926906159, 0.7000000092154376, 1.638341095688434, 1686825776.8027513]
[2.560975211022057, 8.603192308172282, 0.7000000091186314, 1.638342732103685, 1686825776.9488597]
[2.5562505572209298, 8.673032681697345, 0.700000008994568, 1.6383580488355647, 1686825777.097075]
[2.551524833694918, 8.742872982835582, 0.7000000088298627, 1.6383837468840352, 1686825777.2463174]
[2.5467973154121357, 8.812713162492454, 0.7000000086006162, 1.6384207276878437, 1686825777.3962016]
[2.5420672143881538, 8.88255316725127, 0.7000000082596611, 1.638472919522863, 1686825777.5464807]
[2.5373334682949156, 8.952392925008295, 0.7000000076999932, 1.6385478874183192, 1686825777.6984634]
[2.5325944864791152, 9.022232327634244, 0.7000000066226881, 1.6386575191248558, 1686825777.8494203]
[2.527847848086221, 9.092071210190344, 0.7000000037586328, 1.6388151090447194, 1686825778.0020306]
[2.5230902038678735, 9.16190934357113, 0.6980568150656598, 1.6390253895703624, 1686825778.1538873]
[2.518331122065547, 9.231552608220305, 0.6863921396516158, 1.6393013687957383, 1686825778.306666]
[2.513632666771756, 9.300030825279508, 0.6701066870604104, 1.6396848110947515, 1686825778.456544]
[2.5090200536809206, 9.366882553162228, 0.6517905691669288, 1.640281526970165, 1686825778.6041741]
